30
13
13
36
36
36
34
36
20
20
29
36
30
36
20
20
20
28
36
18
29
28
36
30
21
30
23
36
10
36
30
20
19
19
19
19
18
8
9
20
36
14
35
34
36
36
36
19
36
19
19
19
30
30
23
20
20
20
36
30
29
20
36
36
29
25
24
20
17
20
20
36
36
20
20
19
19
19
36
14
2
19
36
29
29
20
20
14
20
19
36
36
36
14
19
19
11
34
35
36
36
13
30
29
36
20
17
9
36
36
19
36
36
20
14
36
36
36
36
28
36
30
29
19
36
36
19
20
20
20
30
19
19
35
9
30
19
20
19
20
20
19
19
36
20
20
18
19
20
20
36
36
30
30
30
30
20
36
15
15
36
36
29
30
30
30
36
36
20
13
36
20
20
20
20
20
30
16
30
19
19
15
19
36
29
29
20
20
19
26
36
36
36
36
36
36
20
20
36
28
19
36
10
36
30
29
29
36
36
30
36
19
9
36
19
20
10
20
13
17
12
30
30
30
36
20
9
36
36
17
36
17
34
36
36
19
19
36
30
36
36
30
30
24
25
25
25
15
50
50
50
16
20
10
14
9
9
24
21
24
24
50
42
30
30
30
35
35
35
30
34
48
48
44
24
24
24
18
22
30
30
30
30
30
42
42
60
60
60
19
39
3
36
9
9
7
8
6
7
4
5
24
24
24
23
24
22
24
10
23
54
32
54
46
50
50
54
30
30
29
30
24
24
34
34
34
14
34
5
48
48
48
48
48
21
48
48
48
48
48
48
47
48
47
8
17
4
8
30
42
29
42
26
30
1
30
5
24
24
60
30
11
10
14
21
31
20
30
20
30
70
72
72
61
24
42
42
42
42
42
42
42
42
36
36
30
30
36
36
42
42
31
31
11
45
37
31
43
1
29
36
22
36
26
24
28
2
30
10
25
15
25
50
50
50
50
42
17
35
60
60
17
24
24
24
24
24
24
24
24
24
29
26
26
25
30
43
43
34
54
53
54
48
54
52
42
45
5
50
50
19
24
35
36
36
35
36
36
36
48
18
6
7
25
25
25
25
25
42
21
42
42
30
20
30
20
39
2
35
30
13
13
36
36
36
34
36
20
20
29
36
30
36
20
20
20
28
36
18
29
28
36
30
21
30
23
36
10
36
30
20
19
19
19
19
18
8
9
20
36
14
35
34
36
36
36
19
36
19
19
19
30
30
23
20
20
20
36
30
29
20
36
36
29
25
24
20
17
20
20
36
36
20
20
19
19
19
36
14
2
19
36
29
29
20
20
14
20
19
36
36
36
14
19
19
11
34
35
36
36
13
30
29
36
20
17
9
36
36
19
36
36
20
14
36
36
36
36
28
36
30
29
19
36
36
19
20
20
20
30
19
19
35
9
30
19
20
19
20
20
19
19
36
20
20
18
19
20
20
36
36
30
30
30
30
20
36
15
15
36
36
29
30
30
30
36
36
20
13
36
20
20
20
20
20
30
16
30
19
19
15
19
36
29
29
20
20
19
26
36
36
36
36
36
36
20
20
36
28
19
36
10
36
30
29
29
36
36
30
36
19
9
36
19
20
10
20
13
17
12
30
30
30
36
20
9
36
36
17
36
17
34
36
36
19
19
36
30
36
36
30
30
24
25
25
25
15
50
50
50
16
20
10
14
9
9
24
21
24
24
50
42
30
30
30
35
35
35
30
34
48
48
44
24
24
24
18
22
30
30
30
30
30
42
42
60
60
60
19
39
3
36
9
9
7
8
6
7
4
5
24
24
24
23
24
22
24
10
23
54
32
54
46
50
50
54
30
30
29
30
24
24
34
34
34
14
34
5
48
48
48
48
48
21
48
48
48
48
48
48
47
48
47
8
17
4
8
30
42
29
42
26
30
1
30
5
24
24
60
30
11
10
14
21
31
20
30
20
30
70
72
72
61
24
42
42
42
42
42
42
42
42
36
36
30
30
36
36
42
42
31
31
11
45
37
31
43
1
29
36
22
36
26
24
28
2
30
10
25
15
25
50
50
50
50
42
17
35
60
60
17
24
24
24
24
24
24
24
24
24
29
26
26
25
30
43
43
34
54
53
54
48
54
52
42
45
5
50
50
19
24
35
36
36
35
36
36
36
48
18
6
7
25
25
25
25
25
42
21
42
42
30
20
30
20
39
2
35
